Number of balls: 37 
P,     T,       Ball radius 
200.36225312819911,1472.9729729729731,0.005
158.76006340666046,1472.9729729729725,0.01
145.47857485698594,1472.9729729729736,0.015
152.56771274974412,1472.972972972971,0.02
152.06161531458642,1472.9729729729704,0.025
137.2968716648968,1472.9729729729743,0.030000000000000002
143.03852216282976,1472.9729729729709,0.034999999999999996
149.30614295627169,1472.972972972971,0.04
139.0832196987346,1472.972972972975,0.045
160.74871992445446,1472.9729729729734,0.049999999999999996
174.8022098342991,1472.9729729729745,0.055
191.82405599873266,1472.972972972973,0.06
161.66425217749526,1472.972972972975,0.065
141.9178797991363,1472.9729729729738,0.07
160.21816885715305,1472.9729729729759,0.07500000000000001
141.18049869109353,1472.9729729729734,0.08
147.95410825548524,1472.9729729729763,0.085
197.67637974507153,1472.9729729729743,0.09000000000000001
176.92826309376846,1472.972972972971,0.095
167.93771787050653,1472.9729729729697,0.1
168.86498718902808,1472.9729729729743,0.10500000000000001
167.6932678396839,1472.9729729729727,0.11
165.4352278874251,1472.9729729729731,0.115
173.544476905362,1472.9729729729734,0.12000000000000001
152.8534119801324,1472.972972972978,0.125
163.87196251937465,1472.9729729729738,0.13
179.38075525454119,1472.9729729729756,0.135
150.7758392385324,1472.9729729729704,0.14
154.71017929634402,1472.9729729729681,0.14500000000000002
168.26418913956587,1472.9729729729756,0.15
168.72539608613863,1472.9729729729734,0.155
168.4592239395089,1472.9729729729756,0.16
166.86492611954577,1472.9729729729747,0.165
163.6643532072078,1472.972972972975,0.17
179.21733705136805,1472.9729729729731,0.17500000000000002
172.82856749029713,1472.9729729729745,0.18000000000000002
172.82742834307243,1472.9729729729713,0.185
178.8648953941295,1472.9729729729697,0.19
152.02684726022423,1472.9729729729772,0.195
173.9626942521721,1472.9729729729725,0.2
167.04490927679805,1472.9729729729715,0.20500000000000002
170.97971325756708,1472.972972972969,0.21000000000000002
163.41949006900757,1472.9729729729752,0.215
174.26717977324225,1472.9729729729745,0.22
171.54438214098326,1472.9729729729697,0.225
167.09972289227636,1472.9729729729722,0.23
171.9459986315407,1472.9729729729747,0.23500000000000001
169.95378959105332,1472.9729729729727,0.24000000000000002
172.23733989823546,1472.9729729729695,0.245
180.47922387627284,1472.9729729729809,0.25
176.42249376916746,1472.972972972975,0.255
170.57092037710487,1472.9729729729702,0.26
174.54199204256219,1472.9729729729756,0.265
174.05298741272492,1472.9729729729731,0.27
173.67772378154797,1472.9729729729704,0.275
181.2865304009313,1472.9729729729756,0.28
165.70863249398838,1472.972972972974,0.28500000000000003
182.18800224109418,1472.9729729729768,0.29000000000000004
188.7858611081977,1472.9729729729781,0.295
167.75738973316143,1472.9729729729734,0.3
175.81450365280398,1472.9729729729734,0.305
182.8192548067718,1472.9729729729722,0.31
180.41711205925836,1472.9729729729738,0.315
192.49262082922755,1472.9729729729731,0.32
188.92336274219244,1472.972972972974,0.325
182.4134054454107,1472.9729729729722,0.33
174.29565355291422,1472.972972972972,0.335
187.30562863398296,1472.972972972974,0.34
179.3726028474706,1472.972972972971,0.34500000000000003
179.11248960010127,1472.972972972972,0.35000000000000003
174.40873184186458,1472.972972972972,0.35500000000000004
187.29615827880676,1472.9729729729765,0.36
187.57035937084083,1472.9729729729745,0.365
192.14771699347153,1472.9729729729715,0.37
189.7145575320786,1472.972972972971,0.375
190.79701569967014,1472.972972972975,0.38
191.5482946872824,1472.9729729729756,0.385
209.87960583052367,1472.9729729729731,0.39
190.902919389087,1472.9729729729709,0.395
205.24394768080305,1472.972972972972,0.4
190.48955070155478,1472.9729729729709,0.405
188.55546846130693,1472.9729729729693,0.41000000000000003
185.81243311936691,1472.9729729729752,0.41500000000000004
192.26197710465308,1472.9729729729784,0.42000000000000004
187.03727487392533,1472.9729729729738,0.425
191.50262434950372,1472.972972972974,0.43
186.93183811178838,1472.9729729729693,0.435
201.76142052143672,1472.972972972971,0.44
191.35727086616677,1472.9729729729704,0.445
204.9408625833685,1472.972972972971,0.45
196.50609840647297,1472.9729729729727,0.455
203.43275361794733,1472.972972972977,0.46
200.6499698239016,1472.9729729729709,0.465
202.19153926466993,1472.9729729729754,0.47000000000000003
201.0419088477754,1472.9729729729727,0.47500000000000003
197.74596752345434,1472.9729729729731,0.48000000000000004
193.69136821052072,1472.9729729729756,0.485
206.30354386172664,1472.9729729729784,0.49
208.71920036124072,1472.9729729729715,0.495
198.33478276189678,1472.9729729729825,0.5
208.9074404780439,1472.9729729729752,0.505
201.33021498784936,1472.9729729729731,0.51
208.67627797585627,1472.972972972971,0.515
214.20852458387662,1472.9729729729734,0.52
204.22253190365777,1472.9729729729738,0.525
218.74825846458438,1472.9729729729756,0.53
218.3235818091716,1472.9729729729775,0.535
215.08074702271833,1472.972972972969,0.54
211.17019896877005,1472.972972972972,0.545
206.39192772809974,1472.9729729729715,0.55
222.60256891355414,1472.9729729729722,0.555
218.86393173440607,1472.9729729729743,0.56
214.7840861377021,1472.9729729729722,0.5650000000000001
221.63378268683857,1472.972972972974,0.5700000000000001
225.54840509815065,1472.9729729729722,0.5750000000000001
228.7737422548535,1472.9729729729759,0.5800000000000001
230.20943038820027,1472.9729729729727,0.585
220.5602249836144,1472.9729729729752,0.59
227.49092510497988,1472.9729729729752,0.595
225.5278636169959,1472.9729729729743,0.6
237.07651244532192,1472.9729729729772,0.605
231.311350665649,1472.9729729729736,0.61
229.33359390176722,1472.9729729729736,0.615
228.83576430539077,1472.9729729729731,0.62
231.262888899028,1472.9729729729752,0.625
250.30380507909746,1472.9729729729731,0.63
241.15668940090686,1472.972972972973,0.635
238.38424979217353,1472.9729729729743,0.64
239.3096043488174,1472.9729729729738,0.645
237.05568860758453,1472.9729729729752,0.65
241.1498266891461,1472.972972972971,0.655
245.29750728778328,1472.972972972975,0.66
246.7794061737742,1472.97297297297,0.665
250.52636528598268,1472.9729729729736,0.67
252.65741610289524,1472.9729729729731,0.675
249.87483979006174,1472.972972972972,0.68
251.8256756442267,1472.9729729729759,0.685
253.24532601514198,1472.9729729729693,0.6900000000000001
254.05798103902362,1472.9729729729745,0.6950000000000001
261.621012133044,1472.9729729729715,0.7000000000000001
264.7767885445588,1472.9729729729745,0.7050000000000001
263.2036054598989,1472.972972972971,0.71
261.4523277712182,1472.972972972971,0.715
267.1580351566023,1472.9729729729763,0.72
271.96891586615357,1472.9729729729727,0.725
276.9614244822602,1472.9729729729731,0.73
277.7434345820879,1472.9729729729752,0.735
269.5747106177978,1472.9729729729763,0.74
276.7588003037657,1472.9729729729709,0.745
278.06729368490386,1472.9729729729731,0.75
285.8377587468958,1472.9729729729734,0.755
286.14308974649765,1472.9729729729727,0.76
282.0307385410148,1472.9729729729745,0.765
287.7022092079116,1472.9729729729693,0.77
293.7149280315378,1472.9729729729743,0.775
298.82367760388735,1472.9729729729743,0.78
296.43414308916334,1472.9729729729725,0.785
296.0023019856532,1472.9729729729745,0.79
299.2346772266773,1472.9729729729722,0.795
298.00554693192737,1472.9729729729752,0.8
297.8863432351542,1472.9729729729752,0.805
300.84667401982546,1472.972972972974,0.81
312.01717717778666,1472.9729729729745,0.8150000000000001
318.2124561677421,1472.9729729729743,0.8200000000000001
317.3445586246413,1472.9729729729725,0.8250000000000001
321.1920482429904,1472.9729729729743,0.8300000000000001
327.51628970921166,1472.9729729729752,0.8350000000000001
335.285453930839,1472.9729729729738,0.84
327.7308968052452,1472.9729729729722,0.845
327.32120604588164,1472.972972972968,0.85
325.4978642860255,1472.972972972975,0.855
343.45373611822345,1472.9729729729731,0.86
347.51691021603204,1472.9729729729713,0.865
340.11863447537286,1472.9729729729754,0.87
339.8200500666508,1472.9729729729743,0.875
352.65728774732156,1472.9729729729734,0.88
350.3794753587364,1472.9729729729727,0.885
349.790354244167,1472.9729729729752,0.89
355.82994803787835,1472.9729729729722,0.895
362.3039867941851,1472.9729729729738,0.9
363.24904990667596,1472.9729729729727,0.905
367.47179529315304,1472.9729729729768,0.91
382.3992617295076,1472.972972972975,0.915
369.46640580517914,1472.9729729729715,0.92
379.319537553484,1472.9729729729704,0.925
399.8064382007382,1472.9729729729684,0.93
398.87126915303656,1472.9729729729743,0.935
402.10261836329397,1472.9729729729722,0.9400000000000001
405.60292045931885,1472.9729729729718,0.9450000000000001
399.59161953956044,1472.9729729729747,0.9500000000000001
410.8434318839348,1472.9729729729734,0.9550000000000001
417.76768257207215,1472.9729729729752,0.9600000000000001
413.9466735148852,1472.972972972974,0.965
422.0459079521922,1472.9729729729772,0.97
424.9286065266502,1472.9729729729718,0.975
446.97062768932255,1472.9729729729725,0.98
439.3295011982008,1472.9729729729718,0.985
439.7237809753925,1472.9729729729743,0.99
457.0596278373778,1472.9729729729731,0.995
