Number of balls: 850
Area of container: 314.1592653589793
Mass 1
Radius 0.01
T,     T_dev,     v
1498.823529411765,3.32428202629046e-13,28.306232444457784
1498.823529411765,3.32428202629046e-13,11.400879314167883
1498.823529411765,3.32428202629046e-13,65.00138839442683
1498.823529411765,3.32428202629046e-13,23.941920694956696
1498.823529411765,3.32428202629046e-13,62.29744929739481
1498.823529411765,3.32428202629046e-13,37.33388010178806
1498.823529411765,3.32428202629046e-13,71.46727328105435
1498.823529411765,3.32428202629046e-13,28.5607341556407
1498.823529411765,3.32428202629046e-13,28.2293738344021
1498.823529411765,3.32428202629046e-13,73.47739327998194
1498.823529411765,3.32428202629046e-13,74.26173930820073
1498.823529411765,3.32428202629046e-13,28.29341372696704
1498.823529411765,3.32428202629046e-13,82.88982584467557
1498.823529411765,3.32428202629046e-13,75.72547293308796
1498.823529411765,3.32428202629046e-13,79.78258793311268
1498.823529411765,3.32428202629046e-13,62.50765904167305
1498.823529411765,3.32428202629046e-13,53.43645431650569
1498.823529411765,3.32428202629046e-13,55.39274389111714
1498.823529411765,3.32428202629046e-13,55.43062669610823
1498.823529411765,3.32428202629046e-13,22.02602239205611
1498.823529411765,3.32428202629046e-13,35.30038823600983
1498.823529411765,3.32428202629046e-13,45.91846681309646
1498.823529411765,3.32428202629046e-13,41.59144788308458
1498.823529411765,3.32428202629046e-13,71.77697556509969
1498.823529411765,3.32428202629046e-13,84.56657270846951
1498.823529411765,3.32428202629046e-13,49.697546843182174
1498.823529411765,3.32428202629046e-13,40.46306831681323
1498.823529411765,3.32428202629046e-13,57.38645873424141
1498.823529411765,3.32428202629046e-13,70.44546103235348
1498.823529411765,3.32428202629046e-13,50.568163794417586
1498.823529411765,3.32428202629046e-13,69.44208345545206
1498.823529411765,3.32428202629046e-13,13.186852444335763
1498.823529411765,3.32428202629046e-13,24.686055294108144
1498.823529411765,3.32428202629046e-13,117.68349909189472
1498.823529411765,3.32428202629046e-13,106.80743747105069
1498.823529411765,3.32428202629046e-13,24.091267563140534
1498.823529411765,3.32428202629046e-13,59.048214196869395
1498.823529411765,3.32428202629046e-13,59.74904284523756
1498.823529411765,3.32428202629046e-13,35.831106140300285
1498.823529411765,3.32428202629046e-13,46.04927841517973
1498.823529411765,3.32428202629046e-13,85.21672434223046
1498.823529411765,3.32428202629046e-13,58.23209517014056
1498.823529411765,3.32428202629046e-13,36.5300858093451
1498.823529411765,3.32428202629046e-13,26.011052469944747
1498.823529411765,3.32428202629046e-13,74.38742955633222
1498.823529411765,3.32428202629046e-13,72.4234470014347
1498.823529411765,3.32428202629046e-13,17.864190033256197
1498.823529411765,3.32428202629046e-13,38.29720621843474
1498.823529411765,3.32428202629046e-13,61.13854924420739
1498.823529411765,3.32428202629046e-13,68.53117277288024
1498.823529411765,3.32428202629046e-13,75.84293670783424
1498.823529411765,3.32428202629046e-13,91.30368033392371
1498.823529411765,3.32428202629046e-13,37.56414516128716
1498.823529411765,3.32428202629046e-13,42.24302345109042
1498.823529411765,3.32428202629046e-13,86.69535393145996
1498.823529411765,3.32428202629046e-13,71.13933373296254
1498.823529411765,3.32428202629046e-13,68.28624875298284
1498.823529411765,3.32428202629046e-13,60.886845038343665
1498.823529411765,3.32428202629046e-13,69.05590344286789
1498.823529411765,3.32428202629046e-13,97.29398925929358
1498.823529411765,3.32428202629046e-13,28.37758573059385
1498.823529411765,3.32428202629046e-13,23.359681561177883
1498.823529411765,3.32428202629046e-13,22.987852182034825
1498.823529411765,3.32428202629046e-13,30.0699213391685
1498.823529411765,3.32428202629046e-13,54.942861959895914
1498.823529411765,3.32428202629046e-13,33.05382685045724
1498.823529411765,3.32428202629046e-13,57.03604597061437
1498.823529411765,3.32428202629046e-13,51.46059771756152
1498.823529411765,3.32428202629046e-13,58.602318571812866
1498.823529411765,3.32428202629046e-13,51.778445051459705
1498.823529411765,3.32428202629046e-13,28.666087450537677
1498.823529411765,3.32428202629046e-13,38.10368568555924
1498.823529411765,3.32428202629046e-13,79.25676889656212
1498.823529411765,3.32428202629046e-13,105.20731233518369
1498.823529411765,3.32428202629046e-13,39.11076226807207
1498.823529411765,3.32428202629046e-13,78.88030501910688
1498.823529411765,3.32428202629046e-13,19.60006575285695
1498.823529411765,3.32428202629046e-13,78.55785732516009
1498.823529411765,3.32428202629046e-13,44.54172506125435
1498.823529411765,3.32428202629046e-13,36.163711921923976
1498.823529411765,3.32428202629046e-13,78.52248753993001
1498.823529411765,3.32428202629046e-13,47.15444001019599
1498.823529411765,3.32428202629046e-13,29.83898250106731
1498.823529411765,3.32428202629046e-13,26.57544982704141
1498.823529411765,3.32428202629046e-13,8.211415285008002
1498.823529411765,3.32428202629046e-13,59.15924499722669
1498.823529411765,3.32428202629046e-13,51.079115053311966
1498.823529411765,3.32428202629046e-13,65.33847701869556
1498.823529411765,3.32428202629046e-13,106.48436142133993
1498.823529411765,3.32428202629046e-13,63.52511850865091
1498.823529411765,3.32428202629046e-13,5.988864035551241
1498.823529411765,3.32428202629046e-13,63.595812560053595
1498.823529411765,3.32428202629046e-13,44.66599691811503
1498.823529411765,3.32428202629046e-13,48.36185787459772
1498.823529411765,3.32428202629046e-13,66.08464788859376
1498.823529411765,3.32428202629046e-13,14.585298975082884
1498.823529411765,3.32428202629046e-13,97.94580705804186
1498.823529411765,3.32428202629046e-13,40.446347727545955
1498.823529411765,3.32428202629046e-13,14.937176455073073
1498.823529411765,3.32428202629046e-13,104.65119546639319
1498.823529411765,3.32428202629046e-13,22.16796501644875
1498.823529411765,3.32428202629046e-13,46.66760991331825
1498.823529411765,3.32428202629046e-13,95.14127306013513
1498.823529411765,3.32428202629046e-13,32.33042652460455
1498.823529411765,3.32428202629046e-13,70.526960058229
1498.823529411765,3.32428202629046e-13,36.38544859354103
1498.823529411765,3.32428202629046e-13,40.71961231405468
1498.823529411765,3.32428202629046e-13,41.292738549803325
1498.823529411765,3.32428202629046e-13,15.588020976163422
1498.823529411765,3.32428202629046e-13,34.73304289963031
1498.823529411765,3.32428202629046e-13,56.35912566974889
1498.823529411765,3.32428202629046e-13,21.80815330642925
1498.823529411765,3.32428202629046e-13,39.472032614781945
1498.823529411765,3.32428202629046e-13,69.54719562138824
1498.823529411765,3.32428202629046e-13,37.49598003757434
1498.823529411765,3.32428202629046e-13,17.4755451094681
1498.823529411765,3.32428202629046e-13,86.53979789353168
1498.823529411765,3.32428202629046e-13,40.5916147703338
1498.823529411765,3.32428202629046e-13,28.152473350550864
1498.823529411765,3.32428202629046e-13,76.32434420871172
1498.823529411765,3.32428202629046e-13,22.895724420020628
1498.823529411765,3.32428202629046e-13,70.67328003618836
1498.823529411765,3.32428202629046e-13,75.87485737500981
1498.823529411765,3.32428202629046e-13,39.06549988748031
1498.823529411765,3.32428202629046e-13,30.25807897016729
1498.823529411765,3.32428202629046e-13,54.22128699675129
1498.823529411765,3.32428202629046e-13,47.06970400083093
1498.823529411765,3.32428202629046e-13,17.32489830790124
1498.823529411765,3.32428202629046e-13,23.63176417424178
1498.823529411765,3.32428202629046e-13,88.78208798871289
1498.823529411765,3.32428202629046e-13,6.725702418802521
1498.823529411765,3.32428202629046e-13,16.882015100211643
1498.823529411765,3.32428202629046e-13,17.194355834679456
1498.823529411765,3.32428202629046e-13,68.58423989704755
1498.823529411765,3.32428202629046e-13,18.643954365526145
1498.823529411765,3.32428202629046e-13,103.07491690827112
1498.823529411765,3.32428202629046e-13,67.4687706970289
1498.823529411765,3.32428202629046e-13,26.033348555747935
1498.823529411765,3.32428202629046e-13,32.257384605847875
1498.823529411765,3.32428202629046e-13,19.41318282224725
1498.823529411765,3.32428202629046e-13,80.76513306677093
1498.823529411765,3.32428202629046e-13,91.22966082275134
1498.823529411765,3.32428202629046e-13,82.26251354608499
1498.823529411765,3.32428202629046e-13,64.17547788417885
1498.823529411765,3.32428202629046e-13,6.572250063693501
1498.823529411765,3.32428202629046e-13,54.04287196333525
1498.823529411765,3.32428202629046e-13,110.44430932738874
1498.823529411765,3.32428202629046e-13,57.443423422954716
1498.823529411765,3.32428202629046e-13,30.542815542284156
1498.823529411765,3.32428202629046e-13,63.51894509830181
1498.823529411765,3.32428202629046e-13,19.806940140943848
1498.823529411765,3.32428202629046e-13,97.81964931029165
1498.823529411765,3.32428202629046e-13,60.446201493800324
1498.823529411765,3.32428202629046e-13,75.54992854699685
1498.823529411765,3.32428202629046e-13,65.46219645276315
1498.823529411765,3.32428202629046e-13,81.1237318049479
1498.823529411765,3.32428202629046e-13,31.981827823256662
1498.823529411765,3.32428202629046e-13,59.46366831888231
1498.823529411765,3.32428202629046e-13,33.56165558833384
1498.823529411765,3.32428202629046e-13,22.531984623191782
1498.823529411765,3.32428202629046e-13,40.11780827553406
1498.823529411765,3.32428202629046e-13,27.945110814733674
1498.823529411765,3.32428202629046e-13,38.22389415247942
1498.823529411765,3.32428202629046e-13,72.26591883318224
1498.823529411765,3.32428202629046e-13,21.180894791582144
1498.823529411765,3.32428202629046e-13,36.69876080742266
1498.823529411765,3.32428202629046e-13,35.15113461277845
1498.823529411765,3.32428202629046e-13,21.960255338886476
1498.823529411765,3.32428202629046e-13,45.729618842071645
1498.823529411765,3.32428202629046e-13,43.06967503567316
1498.823529411765,3.32428202629046e-13,20.295731327717533
1498.823529411765,3.32428202629046e-13,31.09708589453201
1498.823529411765,3.32428202629046e-13,97.05692603124153
1498.823529411765,3.32428202629046e-13,24.69453748175254
1498.823529411765,3.32428202629046e-13,27.32172649750927
1498.823529411765,3.32428202629046e-13,52.19234631364594
1498.823529411765,3.32428202629046e-13,40.17233232384415
1498.823529411765,3.32428202629046e-13,66.06401395985131
1498.823529411765,3.32428202629046e-13,72.07664179954851
1498.823529411765,3.32428202629046e-13,17.15687010114531
1498.823529411765,3.32428202629046e-13,44.638096705469096
1498.823529411765,3.32428202629046e-13,22.930568318065266
1498.823529411765,3.32428202629046e-13,37.971491950025104
1498.823529411765,3.32428202629046e-13,55.48481641133181
1498.823529411765,3.32428202629046e-13,17.072082602464132
1498.823529411765,3.32428202629046e-13,64.43756165270977
1498.823529411765,3.32428202629046e-13,54.70049600084448
1498.823529411765,3.32428202629046e-13,55.277971540471334
1498.823529411765,3.32428202629046e-13,68.4262988917004
1498.823529411765,3.32428202629046e-13,37.642656326556065
1498.823529411765,3.32428202629046e-13,11.992662347641687
1498.823529411765,3.32428202629046e-13,45.024266418073985
1498.823529411765,3.32428202629046e-13,77.6778340678077
1498.823529411765,3.32428202629046e-13,31.793131859589757
1498.823529411765,3.32428202629046e-13,45.68560789110002
1498.823529411765,3.32428202629046e-13,56.46993401581564
1498.823529411765,3.32428202629046e-13,46.152699009920845
1498.823529411765,3.32428202629046e-13,59.795133305554145
1498.823529411765,3.32428202629046e-13,26.27259814615946
1498.823529411765,3.32428202629046e-13,51.85471619119754
1498.823529411765,3.32428202629046e-13,89.65251528847793
1498.823529411765,3.32428202629046e-13,47.457466823485916
1498.823529411765,3.32428202629046e-13,46.974124276184284
1498.823529411765,3.32428202629046e-13,53.41758764302328
1498.823529411765,3.32428202629046e-13,78.39360091825942
1498.823529411765,3.32428202629046e-13,15.863008264208787
1498.823529411765,3.32428202629046e-13,34.06277908889609
1498.823529411765,3.32428202629046e-13,35.61620992134861
1498.823529411765,3.32428202629046e-13,48.51631068248215
1498.823529411765,3.32428202629046e-13,79.58795135700767
1498.823529411765,3.32428202629046e-13,34.38830651841305
1498.823529411765,3.32428202629046e-13,62.78952752001524
1498.823529411765,3.32428202629046e-13,102.72771133480397
1498.823529411765,3.32428202629046e-13,40.35546279324571
1498.823529411765,3.32428202629046e-13,21.01824919432728
1498.823529411765,3.32428202629046e-13,46.1122051349041
1498.823529411765,3.32428202629046e-13,93.78923496675341
1498.823529411765,3.32428202629046e-13,87.27999829765184
1498.823529411765,3.32428202629046e-13,18.474094857240857
1498.823529411765,3.32428202629046e-13,24.633419343352337
1498.823529411765,3.32428202629046e-13,14.906368441194356
1498.823529411765,3.32428202629046e-13,56.2821989994308
1498.823529411765,3.32428202629046e-13,81.24547831760448
1498.823529411765,3.32428202629046e-13,13.66161366100164
1498.823529411765,3.32428202629046e-13,37.703422470716866
1498.823529411765,3.32428202629046e-13,66.5234241754343
1498.823529411765,3.32428202629046e-13,45.65508659759165
1498.823529411765,3.32428202629046e-13,18.876982605476204
1498.823529411765,3.32428202629046e-13,40.573825421455155
1498.823529411765,3.32428202629046e-13,8.30845515668919
1498.823529411765,3.32428202629046e-13,29.005987566619872
1498.823529411765,3.32428202629046e-13,15.294331627343466
1498.823529411765,3.32428202629046e-13,59.50254054594293
1498.823529411765,3.32428202629046e-13,12.048094800817921
1498.823529411765,3.32428202629046e-13,39.933272206603995
1498.823529411765,3.32428202629046e-13,71.84603136386325
1498.823529411765,3.32428202629046e-13,127.45622967734502
1498.823529411765,3.32428202629046e-13,32.72397916316268
1498.823529411765,3.32428202629046e-13,82.98402457057921
1498.823529411765,3.32428202629046e-13,40.7873527326734
1498.823529411765,3.32428202629046e-13,41.331409932252896
1498.823529411765,3.32428202629046e-13,113.2332448284183
1498.823529411765,3.32428202629046e-13,43.80442539306595
1498.823529411765,3.32428202629046e-13,75.31994018453024
1498.823529411765,3.32428202629046e-13,34.418902634236844
1498.823529411765,3.32428202629046e-13,65.26173382727475
1498.823529411765,3.32428202629046e-13,63.97750906450551
1498.823529411765,3.32428202629046e-13,82.288586993318
1498.823529411765,3.32428202629046e-13,45.39820536077385
1498.823529411765,3.32428202629046e-13,54.69517151831728
1498.823529411765,3.32428202629046e-13,32.54426387291696
1498.823529411765,3.32428202629046e-13,34.63249977697726
1498.823529411765,3.32428202629046e-13,7.042967633011086
1498.823529411765,3.32428202629046e-13,10.565348894947599
1498.823529411765,3.32428202629046e-13,23.029446091559223
1498.823529411765,3.32428202629046e-13,57.885763240280816
1498.823529411765,3.32428202629046e-13,47.98663427470807
1498.823529411765,3.32428202629046e-13,47.48472502388676
1498.823529411765,3.32428202629046e-13,43.09219812562402
1498.823529411765,3.32428202629046e-13,55.9058269907846
1498.823529411765,3.32428202629046e-13,10.646931753037162
1498.823529411765,3.32428202629046e-13,31.693243622891007
1498.823529411765,3.32428202629046e-13,68.14193139654788
1498.823529411765,3.32428202629046e-13,75.12351541872526
1498.823529411765,3.32428202629046e-13,39.35680119280818
1498.823529411765,3.32428202629046e-13,61.02504345682648
1498.823529411765,3.32428202629046e-13,63.45045510454757
1498.823529411765,3.32428202629046e-13,109.61243540386855
1498.823529411765,3.32428202629046e-13,84.42620427760548
1498.823529411765,3.32428202629046e-13,95.74535752731424
1498.823529411765,3.32428202629046e-13,43.239553094783176
1498.823529411765,3.32428202629046e-13,15.562490886195636
1498.823529411765,3.32428202629046e-13,50.199999687973246
1498.823529411765,3.32428202629046e-13,10.545294738422177
1498.823529411765,3.32428202629046e-13,26.39208322105801
1498.823529411765,3.32428202629046e-13,46.07679075911096
1498.823529411765,3.32428202629046e-13,95.290948156579
1498.823529411765,3.32428202629046e-13,60.604493676711414
1498.823529411765,3.32428202629046e-13,37.36454670249855
1498.823529411765,3.32428202629046e-13,37.23375672284905
1498.823529411765,3.32428202629046e-13,39.248760619011364
1498.823529411765,3.32428202629046e-13,48.91610953520047
1498.823529411765,3.32428202629046e-13,28.679523941437953
1498.823529411765,3.32428202629046e-13,55.011884142777724
1498.823529411765,3.32428202629046e-13,51.68409281624565
1498.823529411765,3.32428202629046e-13,49.17185153320563
1498.823529411765,3.32428202629046e-13,94.36175147225794
1498.823529411765,3.32428202629046e-13,91.49458018773909
1498.823529411765,3.32428202629046e-13,45.53961880209684
1498.823529411765,3.32428202629046e-13,39.992815932991405
1498.823529411765,3.32428202629046e-13,49.624986620682606
1498.823529411765,3.32428202629046e-13,54.98581877477772
1498.823529411765,3.32428202629046e-13,36.40493374105759
1498.823529411765,3.32428202629046e-13,58.02160590714291
1498.823529411765,3.32428202629046e-13,56.44806932458189
1498.823529411765,3.32428202629046e-13,57.10355247694095
1498.823529411765,3.32428202629046e-13,46.344027429595066
1498.823529411765,3.32428202629046e-13,73.19266975016528
1498.823529411765,3.32428202629046e-13,68.32990648014368
1498.823529411765,3.32428202629046e-13,67.51634616676432
1498.823529411765,3.32428202629046e-13,12.617170356705776
1498.823529411765,3.32428202629046e-13,36.799912272850136
1498.823529411765,3.32428202629046e-13,50.12363735045628
1498.823529411765,3.32428202629046e-13,69.32935378771566
1498.823529411765,3.32428202629046e-13,84.23393353562041
1498.823529411765,3.32428202629046e-13,48.17628245720108
1498.823529411765,3.32428202629046e-13,126.49087932417535
1498.823529411765,3.32428202629046e-13,43.047350056640305
1498.823529411765,3.32428202629046e-13,38.71700755809185
1498.823529411765,3.32428202629046e-13,54.290127489915676
1498.823529411765,3.32428202629046e-13,19.348548913136103
1498.823529411765,3.32428202629046e-13,4.100171011261114
1498.823529411765,3.32428202629046e-13,82.1739050438029
1498.823529411765,3.32428202629046e-13,10.597811895350583
1498.823529411765,3.32428202629046e-13,25.947259201278523
1498.823529411765,3.32428202629046e-13,69.09024043699961
1498.823529411765,3.32428202629046e-13,47.34268205800026
1498.823529411765,3.32428202629046e-13,49.47813254522743
1498.823529411765,3.32428202629046e-13,59.93766026542937
1498.823529411765,3.32428202629046e-13,75.65620932741898
1498.823529411765,3.32428202629046e-13,61.73341921813556
1498.823529411765,3.32428202629046e-13,42.336362068253244
1498.823529411765,3.32428202629046e-13,61.28961114267086
1498.823529411765,3.32428202629046e-13,47.63302633671882
1498.823529411765,3.32428202629046e-13,31.69784626767047
1498.823529411765,3.32428202629046e-13,16.518723108936708
1498.823529411765,3.32428202629046e-13,43.192368694366046
1498.823529411765,3.32428202629046e-13,71.51553509079586
1498.823529411765,3.32428202629046e-13,107.22844571274237
1498.823529411765,3.32428202629046e-13,62.29188058861722
1498.823529411765,3.32428202629046e-13,68.66864240630004
1498.823529411765,3.32428202629046e-13,63.969575402768506
1498.823529411765,3.32428202629046e-13,13.85112840826543
1498.823529411765,3.32428202629046e-13,42.236037568702486
1498.823529411765,3.32428202629046e-13,54.97129480769773
1498.823529411765,3.32428202629046e-13,59.63844865078417
1498.823529411765,3.32428202629046e-13,57.81787576300643
1498.823529411765,3.32428202629046e-13,59.71546592713201
1498.823529411765,3.32428202629046e-13,71.81286984269073
1498.823529411765,3.32428202629046e-13,74.7605298458395
1498.823529411765,3.32428202629046e-13,71.34920270525643
1498.823529411765,3.32428202629046e-13,27.81620146038977
1498.823529411765,3.32428202629046e-13,32.625315161177866
1498.823529411765,3.32428202629046e-13,95.64657139543172
1498.823529411765,3.32428202629046e-13,46.13096251410829
1498.823529411765,3.32428202629046e-13,23.897218724908868
1498.823529411765,3.32428202629046e-13,29.173615620106734
1498.823529411765,3.32428202629046e-13,43.36089459586916
1498.823529411765,3.32428202629046e-13,14.674848709215752
1498.823529411765,3.32428202629046e-13,46.731315840526165
1498.823529411765,3.32428202629046e-13,54.89423411401417
1498.823529411765,3.32428202629046e-13,44.259052431949364
1498.823529411765,3.32428202629046e-13,30.450124097902222
1498.823529411765,3.32428202629046e-13,42.570432972117764
1498.823529411765,3.32428202629046e-13,38.279301262332595
1498.823529411765,3.32428202629046e-13,95.19716121319681
1498.823529411765,3.32428202629046e-13,36.416097844534264
1498.823529411765,3.32428202629046e-13,8.62472551521064
1498.823529411765,3.32428202629046e-13,53.31271601341187
1498.823529411765,3.32428202629046e-13,25.923432987133044
1498.823529411765,3.32428202629046e-13,91.50534234376383
1498.823529411765,3.32428202629046e-13,27.36174649319171
1498.823529411765,3.32428202629046e-13,47.52293551574793
1498.823529411765,3.32428202629046e-13,74.90939283385678
1498.823529411765,3.32428202629046e-13,37.77676367319621
1498.823529411765,3.32428202629046e-13,49.67140503660507
1498.823529411765,3.32428202629046e-13,13.402364635241726
1498.823529411765,3.32428202629046e-13,73.65735046528715
1498.823529411765,3.32428202629046e-13,34.138202626613996
1498.823529411765,3.32428202629046e-13,69.17712798778525
1498.823529411765,3.32428202629046e-13,10.840428717587741
1498.823529411765,3.32428202629046e-13,31.486824019755975
1498.823529411765,3.32428202629046e-13,61.23663991099142
1498.823529411765,3.32428202629046e-13,79.96248924800534
1498.823529411765,3.32428202629046e-13,115.50754965806125
1498.823529411765,3.32428202629046e-13,56.63662933821665
1498.823529411765,3.32428202629046e-13,64.75338666521206
1498.823529411765,3.32428202629046e-13,6.374102158659195
1498.823529411765,3.32428202629046e-13,37.401766718090904
1498.823529411765,3.32428202629046e-13,89.40645665139759
1498.823529411765,3.32428202629046e-13,62.85512972175182
1498.823529411765,3.32428202629046e-13,45.75482150850902
1498.823529411765,3.32428202629046e-13,102.62649187885415
1498.823529411765,3.32428202629046e-13,37.72797749492049
1498.823529411765,3.32428202629046e-13,16.970107880782255
1498.823529411765,3.32428202629046e-13,28.36297922743525
1498.823529411765,3.32428202629046e-13,78.49466949726572
1498.823529411765,3.32428202629046e-13,83.86337895665409
1498.823529411765,3.32428202629046e-13,48.791204283891794
1498.823529411765,3.32428202629046e-13,54.48737259034146
1498.823529411765,3.32428202629046e-13,32.60009436698693
1498.823529411765,3.32428202629046e-13,48.91665623334967
1498.823529411765,3.32428202629046e-13,69.65986525692473
1498.823529411765,3.32428202629046e-13,20.610255471527044
1498.823529411765,3.32428202629046e-13,49.1890271390745
1498.823529411765,3.32428202629046e-13,66.4320934889533
1498.823529411765,3.32428202629046e-13,48.076752464744295
1498.823529411765,3.32428202629046e-13,45.770292429841895
1498.823529411765,3.32428202629046e-13,16.47109222510551
1498.823529411765,3.32428202629046e-13,25.440666064777037
1498.823529411765,3.32428202629046e-13,34.05341909659088
1498.823529411765,3.32428202629046e-13,59.2020503565125
1498.823529411765,3.32428202629046e-13,57.52780033754864
1498.823529411765,3.32428202629046e-13,43.10573655977859
1498.823529411765,3.32428202629046e-13,28.475009520876235
1498.823529411765,3.32428202629046e-13,42.872348838524076
1498.823529411765,3.32428202629046e-13,86.36964953839859
1498.823529411765,3.32428202629046e-13,58.60853570392739
1498.823529411765,3.32428202629046e-13,58.80892648358714
1498.823529411765,3.32428202629046e-13,48.73673690514138
1498.823529411765,3.32428202629046e-13,69.9530018009956
1498.823529411765,3.32428202629046e-13,2.9482172797999877
1498.823529411765,3.32428202629046e-13,56.330907565833684
1498.823529411765,3.32428202629046e-13,32.293011452006716
1498.823529411765,3.32428202629046e-13,49.98454857036567
1498.823529411765,3.32428202629046e-13,79.8202925130719
1498.823529411765,3.32428202629046e-13,44.07400424491627
1498.823529411765,3.32428202629046e-13,26.257908258665537
1498.823529411765,3.32428202629046e-13,76.80267475292969
1498.823529411765,3.32428202629046e-13,23.933302234899752
1498.823529411765,3.32428202629046e-13,42.31146199073827
1498.823529411765,3.32428202629046e-13,8.965653397217691
1498.823529411765,3.32428202629046e-13,63.14466687167143
1498.823529411765,3.32428202629046e-13,52.412830382101795
1498.823529411765,3.32428202629046e-13,41.27615552908444
1498.823529411765,3.32428202629046e-13,44.10981081952042
1498.823529411765,3.32428202629046e-13,40.89341903541526
1498.823529411765,3.32428202629046e-13,55.030611388759375
1498.823529411765,3.32428202629046e-13,46.2029321548944
1498.823529411765,3.32428202629046e-13,36.59410792064329
1498.823529411765,3.32428202629046e-13,62.02037119860116
1498.823529411765,3.32428202629046e-13,38.61354826796169
1498.823529411765,3.32428202629046e-13,34.46182195710932
1498.823529411765,3.32428202629046e-13,25.110981337187837
1498.823529411765,3.32428202629046e-13,21.810381417592797
1498.823529411765,3.32428202629046e-13,58.150122559824375
1498.823529411765,3.32428202629046e-13,34.73450302700651
1498.823529411765,3.32428202629046e-13,71.6689232674851
1498.823529411765,3.32428202629046e-13,5.59968342810019
1498.823529411765,3.32428202629046e-13,52.037328998404725
1498.823529411765,3.32428202629046e-13,20.94652836747695
1498.823529411765,3.32428202629046e-13,16.053744494462336
1498.823529411765,3.32428202629046e-13,79.14403472244334
1498.823529411765,3.32428202629046e-13,29.986593772921108
1498.823529411765,3.32428202629046e-13,39.418092516870146
1498.823529411765,3.32428202629046e-13,17.770669572707703
1498.823529411765,3.32428202629046e-13,17.93576888841829
1498.823529411765,3.32428202629046e-13,37.953368349210734
1498.823529411765,3.32428202629046e-13,42.84110922537781
1498.823529411765,3.32428202629046e-13,38.81439391119188
1498.823529411765,3.32428202629046e-13,71.94846054810262
1498.823529411765,3.32428202629046e-13,44.80372863172704
1498.823529411765,3.32428202629046e-13,18.487255984729014
1498.823529411765,3.32428202629046e-13,60.31091074279155
1498.823529411765,3.32428202629046e-13,65.83595482968113
1498.823529411765,3.32428202629046e-13,71.51139437553495
1498.823529411765,3.32428202629046e-13,16.48690781061649
1498.823529411765,3.32428202629046e-13,37.44644280849077
1498.823529411765,3.32428202629046e-13,9.569825601033877
1498.823529411765,3.32428202629046e-13,17.93258218355035
1498.823529411765,3.32428202629046e-13,39.336720664729434
1498.823529411765,3.32428202629046e-13,56.7895859533732
1498.823529411765,3.32428202629046e-13,34.09388217874947
1498.823529411765,3.32428202629046e-13,54.669662728495545
1498.823529411765,3.32428202629046e-13,75.88404122790509
1498.823529411765,3.32428202629046e-13,29.932282645889355
1498.823529411765,3.32428202629046e-13,37.65753502816923
1498.823529411765,3.32428202629046e-13,21.304750376726897
1498.823529411765,3.32428202629046e-13,32.65440031577564
1498.823529411765,3.32428202629046e-13,31.088234898302698
1498.823529411765,3.32428202629046e-13,42.93967240985941
1498.823529411765,3.32428202629046e-13,56.679092514685365
1498.823529411765,3.32428202629046e-13,6.100929468398329
1498.823529411765,3.32428202629046e-13,69.29613520458116
1498.823529411765,3.32428202629046e-13,62.85052407976049
1498.823529411765,3.32428202629046e-13,59.164443992776135
1498.823529411765,3.32428202629046e-13,58.034143662808475
1498.823529411765,3.32428202629046e-13,78.00665609549482
1498.823529411765,3.32428202629046e-13,157.52450339463658
1498.823529411765,3.32428202629046e-13,20.750402692845558
1498.823529411765,3.32428202629046e-13,15.112697863233882
1498.823529411765,3.32428202629046e-13,54.5875491377482
1498.823529411765,3.32428202629046e-13,10.628816318076964
1498.823529411765,3.32428202629046e-13,45.57428216875805
1498.823529411765,3.32428202629046e-13,7.0900042230509
1498.823529411765,3.32428202629046e-13,41.63646765968456
1498.823529411765,3.32428202629046e-13,29.16565115758643
1498.823529411765,3.32428202629046e-13,80.9044390753916
1498.823529411765,3.32428202629046e-13,73.22004564809666
1498.823529411765,3.32428202629046e-13,59.012558016422
1498.823529411765,3.32428202629046e-13,13.02283054349848
1498.823529411765,3.32428202629046e-13,44.47414678825923
1498.823529411765,3.32428202629046e-13,34.68357107021402
1498.823529411765,3.32428202629046e-13,32.33720042332643
1498.823529411765,3.32428202629046e-13,52.57698752557985
1498.823529411765,3.32428202629046e-13,63.22541242279093
1498.823529411765,3.32428202629046e-13,13.825289233477525
1498.823529411765,3.32428202629046e-13,94.44433479949738
1498.823529411765,3.32428202629046e-13,37.90391280928062
1498.823529411765,3.32428202629046e-13,17.797889745018036
1498.823529411765,3.32428202629046e-13,66.58294728936455
1498.823529411765,3.32428202629046e-13,17.46060833443658
1498.823529411765,3.32428202629046e-13,94.46258177362671
1498.823529411765,3.32428202629046e-13,27.570988630577066
1498.823529411765,3.32428202629046e-13,17.19942954497349
1498.823529411765,3.32428202629046e-13,92.6103039624576
1498.823529411765,3.32428202629046e-13,62.01353041515538
1498.823529411765,3.32428202629046e-13,46.70649739919162
1498.823529411765,3.32428202629046e-13,1.2870474362014859
1498.823529411765,3.32428202629046e-13,30.52384130817461
1498.823529411765,3.32428202629046e-13,31.751841233014584
1498.823529411765,3.32428202629046e-13,86.92230933784458
1498.823529411765,3.32428202629046e-13,41.279568718698506
1498.823529411765,3.32428202629046e-13,19.647541364543226
1498.823529411765,3.32428202629046e-13,22.338467541378122
1498.823529411765,3.32428202629046e-13,67.65688930344635
1498.823529411765,3.32428202629046e-13,10.345186651850026
1498.823529411765,3.32428202629046e-13,24.81989042931621
1498.823529411765,3.32428202629046e-13,13.165364377465297
1498.823529411765,3.32428202629046e-13,87.82893101632304
1498.823529411765,3.32428202629046e-13,52.60961080020563
1498.823529411765,3.32428202629046e-13,42.53340019378511
1498.823529411765,3.32428202629046e-13,74.16608438910573
1498.823529411765,3.32428202629046e-13,31.679855636945796
1498.823529411765,3.32428202629046e-13,33.107932920273285
1498.823529411765,3.32428202629046e-13,41.762002293507265
1498.823529411765,3.32428202629046e-13,53.69484781172451
1498.823529411765,3.32428202629046e-13,78.28651926412924
1498.823529411765,3.32428202629046e-13,67.73042121207351
1498.823529411765,3.32428202629046e-13,91.17043206904182
1498.823529411765,3.32428202629046e-13,18.429125908840366
1498.823529411765,3.32428202629046e-13,94.65986776612289
1498.823529411765,3.32428202629046e-13,14.535239887382705
1498.823529411765,3.32428202629046e-13,52.400012876447015
1498.823529411765,3.32428202629046e-13,49.17623395865945
1498.823529411765,3.32428202629046e-13,24.888483472482466
1498.823529411765,3.32428202629046e-13,52.57293487885892
1498.823529411765,3.32428202629046e-13,22.805050702738658
1498.823529411765,3.32428202629046e-13,18.632912643942078
1498.823529411765,3.32428202629046e-13,87.03977206962327
1498.823529411765,3.32428202629046e-13,56.1607433492617
1498.823529411765,3.32428202629046e-13,4.389665453924676
1498.823529411765,3.32428202629046e-13,42.440616225609595
1498.823529411765,3.32428202629046e-13,37.96978826588811
1498.823529411765,3.32428202629046e-13,26.982912593244684
1498.823529411765,3.32428202629046e-13,49.72052583785224
1498.823529411765,3.32428202629046e-13,85.98987779347777
1498.823529411765,3.32428202629046e-13,53.19249948527839
1498.823529411765,3.32428202629046e-13,27.404531900863542
1498.823529411765,3.32428202629046e-13,27.66720376333085
1498.823529411765,3.32428202629046e-13,4.9484389999736464
1498.823529411765,3.32428202629046e-13,22.938451209579547
1498.823529411765,3.32428202629046e-13,31.45456397290025
1498.823529411765,3.32428202629046e-13,13.070898678725586
1498.823529411765,3.32428202629046e-13,74.52122409046535
1498.823529411765,3.32428202629046e-13,8.435300386414681
1498.823529411765,3.32428202629046e-13,29.990183097486774
1498.823529411765,3.32428202629046e-13,64.69914829284811
1498.823529411765,3.32428202629046e-13,64.41169309125664
1498.823529411765,3.32428202629046e-13,50.290838971373674
1498.823529411765,3.32428202629046e-13,72.85555439025836
1498.823529411765,3.32428202629046e-13,17.8892063470654
1498.823529411765,3.32428202629046e-13,13.449260590573413
1498.823529411765,3.32428202629046e-13,46.653041880939064
1498.823529411765,3.32428202629046e-13,70.00471746856259
1498.823529411765,3.32428202629046e-13,64.23162952280657
1498.823529411765,3.32428202629046e-13,87.79203670188173
1498.823529411765,3.32428202629046e-13,73.5388928989685
1498.823529411765,3.32428202629046e-13,11.802093720713138
1498.823529411765,3.32428202629046e-13,64.93037154474567
1498.823529411765,3.32428202629046e-13,48.697224814731754
1498.823529411765,3.32428202629046e-13,15.752535022952275
1498.823529411765,3.32428202629046e-13,50.34700454931062
1498.823529411765,3.32428202629046e-13,19.137727769346508
1498.823529411765,3.32428202629046e-13,50.69664144927679
1498.823529411765,3.32428202629046e-13,41.45896227001013
1498.823529411765,3.32428202629046e-13,74.65203787741001
1498.823529411765,3.32428202629046e-13,61.0144470405147
1498.823529411765,3.32428202629046e-13,59.43196455304822
1498.823529411765,3.32428202629046e-13,108.51773324847213
1498.823529411765,3.32428202629046e-13,55.318772157928194
1498.823529411765,3.32428202629046e-13,84.1975168125449
1498.823529411765,3.32428202629046e-13,22.302972843248188
1498.823529411765,3.32428202629046e-13,88.05983613730267
1498.823529411765,3.32428202629046e-13,46.5584582761415
1498.823529411765,3.32428202629046e-13,45.08118780245714
1498.823529411765,3.32428202629046e-13,25.758253650387893
1498.823529411765,3.32428202629046e-13,12.616921138045946
1498.823529411765,3.32428202629046e-13,54.66882854870477
1498.823529411765,3.32428202629046e-13,62.24053239630622
1498.823529411765,3.32428202629046e-13,58.32901228071029
1498.823529411765,3.32428202629046e-13,20.54768040914604
1498.823529411765,3.32428202629046e-13,108.13441739006076
1498.823529411765,3.32428202629046e-13,69.76266674536403
1498.823529411765,3.32428202629046e-13,11.846549424067597
1498.823529411765,3.32428202629046e-13,56.45639017665914
1498.823529411765,3.32428202629046e-13,44.08091816207088
1498.823529411765,3.32428202629046e-13,51.885253245573146
1498.823529411765,3.32428202629046e-13,89.61669477191026
1498.823529411765,3.32428202629046e-13,50.549265421476655
1498.823529411765,3.32428202629046e-13,14.309214886941055
1498.823529411765,3.32428202629046e-13,62.50116469917025
1498.823529411765,3.32428202629046e-13,96.42879876117344
1498.823529411765,3.32428202629046e-13,37.924499600830124
1498.823529411765,3.32428202629046e-13,28.805422620723874
1498.823529411765,3.32428202629046e-13,9.915872040014714
1498.823529411765,3.32428202629046e-13,3.5209425652319792
1498.823529411765,3.32428202629046e-13,33.18481525311297
1498.823529411765,3.32428202629046e-13,32.229492977037424
1498.823529411765,3.32428202629046e-13,38.06144147687879
1498.823529411765,3.32428202629046e-13,25.921726754296923
1498.823529411765,3.32428202629046e-13,72.7246112635322
1498.823529411765,3.32428202629046e-13,65.93951470699345
1498.823529411765,3.32428202629046e-13,54.417025856344324
1498.823529411765,3.32428202629046e-13,51.9443609561467
1498.823529411765,3.32428202629046e-13,43.12438612003365
1498.823529411765,3.32428202629046e-13,65.07937030625568
1498.823529411765,3.32428202629046e-13,22.010249205831656
1498.823529411765,3.32428202629046e-13,26.195493421049942
1498.823529411765,3.32428202629046e-13,91.08664695930555
1498.823529411765,3.32428202629046e-13,33.373022503808905
1498.823529411765,3.32428202629046e-13,65.5613265585819
1498.823529411765,3.32428202629046e-13,20.217908692790047
1498.823529411765,3.32428202629046e-13,59.31220443240152
1498.823529411765,3.32428202629046e-13,31.130189745801964
1498.823529411765,3.32428202629046e-13,17.935730401315997
1498.823529411765,3.32428202629046e-13,49.04673623902845
1498.823529411765,3.32428202629046e-13,24.300635304868464
1498.823529411765,3.32428202629046e-13,33.10904230845628
1498.823529411765,3.32428202629046e-13,29.297235706000052
1498.823529411765,3.32428202629046e-13,82.34203915407025
1498.823529411765,3.32428202629046e-13,56.82942825855893
1498.823529411765,3.32428202629046e-13,78.19748584864521
1498.823529411765,3.32428202629046e-13,58.51729171962702
1498.823529411765,3.32428202629046e-13,39.80227085442767
1498.823529411765,3.32428202629046e-13,52.918108978406124
1498.823529411765,3.32428202629046e-13,26.22738226332185
1498.823529411765,3.32428202629046e-13,34.010351213696524
1498.823529411765,3.32428202629046e-13,41.38079647101462
1498.823529411765,3.32428202629046e-13,69.41865668195109
1498.823529411765,3.32428202629046e-13,54.51363577264497
1498.823529411765,3.32428202629046e-13,72.78644086822896
1498.823529411765,3.32428202629046e-13,57.0582428446736
1498.823529411765,3.32428202629046e-13,61.775352120390515
1498.823529411765,3.32428202629046e-13,59.93745405680161
1498.823529411765,3.32428202629046e-13,40.2720355788093
1498.823529411765,3.32428202629046e-13,14.271483517261975
1498.823529411765,3.32428202629046e-13,49.013448105734355
1498.823529411765,3.32428202629046e-13,27.8775876213181
1498.823529411765,3.32428202629046e-13,12.096658539967956
1498.823529411765,3.32428202629046e-13,68.35441339825597
1498.823529411765,3.32428202629046e-13,36.75050421485267
1498.823529411765,3.32428202629046e-13,106.74941889050622
1498.823529411765,3.32428202629046e-13,40.81621426263737
1498.823529411765,3.32428202629046e-13,69.36590366417612
1498.823529411765,3.32428202629046e-13,90.31200307084137
1498.823529411765,3.32428202629046e-13,45.889618863188275
1498.823529411765,3.32428202629046e-13,36.99381276068985
1498.823529411765,3.32428202629046e-13,61.555015326278955
1498.823529411765,3.32428202629046e-13,37.79522697336876
1498.823529411765,3.32428202629046e-13,32.84527874482929
1498.823529411765,3.32428202629046e-13,63.739188703220165
1498.823529411765,3.32428202629046e-13,75.9888890532671
1498.823529411765,3.32428202629046e-13,23.892367580325903
1498.823529411765,3.32428202629046e-13,60.30480574755981
1498.823529411765,3.32428202629046e-13,54.675740096990914
1498.823529411765,3.32428202629046e-13,27.843541464885476
1498.823529411765,3.32428202629046e-13,15.9694144442437
1498.823529411765,3.32428202629046e-13,50.133428363147345
1498.823529411765,3.32428202629046e-13,42.794660453262026
1498.823529411765,3.32428202629046e-13,42.1279225993209
1498.823529411765,3.32428202629046e-13,29.76675966710079
1498.823529411765,3.32428202629046e-13,17.180412339571134
1498.823529411765,3.32428202629046e-13,87.82194175684059
1498.823529411765,3.32428202629046e-13,47.04405204569846
1498.823529411765,3.32428202629046e-13,54.85881096453711
1498.823529411765,3.32428202629046e-13,80.53263573121961
1498.823529411765,3.32428202629046e-13,45.01253725142315
1498.823529411765,3.32428202629046e-13,7.444829403281181
1498.823529411765,3.32428202629046e-13,77.71338020240127
1498.823529411765,3.32428202629046e-13,96.16475146218258
1498.823529411765,3.32428202629046e-13,29.248688474987585
1498.823529411765,3.32428202629046e-13,71.70176646790505
1498.823529411765,3.32428202629046e-13,32.936183742338244
1498.823529411765,3.32428202629046e-13,17.419802083821864
1498.823529411765,3.32428202629046e-13,25.043072634644854
1498.823529411765,3.32428202629046e-13,38.41149831484903
1498.823529411765,3.32428202629046e-13,24.11872952053246
1498.823529411765,3.32428202629046e-13,43.17857691739982
1498.823529411765,3.32428202629046e-13,22.115946072589008
1498.823529411765,3.32428202629046e-13,57.21886584769241
1498.823529411765,3.32428202629046e-13,59.81381335475604
1498.823529411765,3.32428202629046e-13,24.172128707227017
1498.823529411765,3.32428202629046e-13,48.160901508072456
1498.823529411765,3.32428202629046e-13,10.79681508695781
1498.823529411765,3.32428202629046e-13,13.979598410562657
1498.823529411765,3.32428202629046e-13,40.93327199821303
1498.823529411765,3.32428202629046e-13,84.3784785580327
1498.823529411765,3.32428202629046e-13,41.291635691194045
1498.823529411765,3.32428202629046e-13,29.618516530784532
1498.823529411765,3.32428202629046e-13,32.04318751172167
1498.823529411765,3.32428202629046e-13,51.86241639839917
1498.823529411765,3.32428202629046e-13,59.96717317405915
1498.823529411765,3.32428202629046e-13,114.35183358218248
1498.823529411765,3.32428202629046e-13,115.44542822596999
1498.823529411765,3.32428202629046e-13,48.15338352204902
1498.823529411765,3.32428202629046e-13,57.88692432710221
1498.823529411765,3.32428202629046e-13,98.47443694548922
1498.823529411765,3.32428202629046e-13,29.429189048711685
1498.823529411765,3.32428202629046e-13,31.749843339010596
1498.823529411765,3.32428202629046e-13,31.933904023495373
1498.823529411765,3.32428202629046e-13,30.505812743603773
1498.823529411765,3.32428202629046e-13,18.97253298554947
1498.823529411765,3.32428202629046e-13,19.913225032828123
1498.823529411765,3.32428202629046e-13,44.253361119705474
1498.823529411765,3.32428202629046e-13,79.35379453631629
1498.823529411765,3.32428202629046e-13,32.193249826868076
1498.823529411765,3.32428202629046e-13,38.79800504087062
1498.823529411765,3.32428202629046e-13,68.0738198286292
1498.823529411765,3.32428202629046e-13,58.92399193487545
1498.823529411765,3.32428202629046e-13,16.379438447488585
1498.823529411765,3.32428202629046e-13,21.14949756949814
1498.823529411765,3.32428202629046e-13,23.087785789458906
1498.823529411765,3.32428202629046e-13,33.36268923498873
1498.823529411765,3.32428202629046e-13,47.774074989887566
1498.823529411765,3.32428202629046e-13,19.79312141967561
1498.823529411765,3.32428202629046e-13,38.20083849905863
1498.823529411765,3.32428202629046e-13,9.390730454093237
1498.823529411765,3.32428202629046e-13,44.16077308218617
1498.823529411765,3.32428202629046e-13,72.82132585131068
1498.823529411765,3.32428202629046e-13,71.20234945414855
1498.823529411765,3.32428202629046e-13,100.76761659628676
1498.823529411765,3.32428202629046e-13,43.53591379579758
1498.823529411765,3.32428202629046e-13,40.64973683975924
1498.823529411765,3.32428202629046e-13,42.67795981703486
1498.823529411765,3.32428202629046e-13,38.309043110519134
1498.823529411765,3.32428202629046e-13,22.09114859662552
1498.823529411765,3.32428202629046e-13,44.73406047229488
1498.823529411765,3.32428202629046e-13,50.03749868896547
1498.823529411765,3.32428202629046e-13,77.15885507491606
1498.823529411765,3.32428202629046e-13,11.769641366275643
1498.823529411765,3.32428202629046e-13,74.37747175229201
1498.823529411765,3.32428202629046e-13,74.96472549409731
1498.823529411765,3.32428202629046e-13,35.49530476485583
1498.823529411765,3.32428202629046e-13,59.14337365864244
1498.823529411765,3.32428202629046e-13,19.30284533139389
1498.823529411765,3.32428202629046e-13,47.11587500451055
1498.823529411765,3.32428202629046e-13,43.96185509402437
1498.823529411765,3.32428202629046e-13,75.13419028801951
1498.823529411765,3.32428202629046e-13,20.162797989259513
1498.823529411765,3.32428202629046e-13,35.82424365405757
1498.823529411765,3.32428202629046e-13,61.202120796243605
1498.823529411765,3.32428202629046e-13,48.70226927849015
1498.823529411765,3.32428202629046e-13,45.46923011294941
1498.823529411765,3.32428202629046e-13,36.09957751498598
1498.823529411765,3.32428202629046e-13,49.10190578779961
1498.823529411765,3.32428202629046e-13,36.74811139655011
1498.823529411765,3.32428202629046e-13,42.36645690906876
1498.823529411765,3.32428202629046e-13,76.97312870071691
1498.823529411765,3.32428202629046e-13,56.12652916918956
1498.823529411765,3.32428202629046e-13,38.74791884963049
1498.823529411765,3.32428202629046e-13,49.42609662864501
1498.823529411765,3.32428202629046e-13,82.69644677001595
1498.823529411765,3.32428202629046e-13,51.48008339993701
1498.823529411765,3.32428202629046e-13,15.820024518197695
1498.823529411765,3.32428202629046e-13,43.73055469818879
1498.823529411765,3.32428202629046e-13,12.430196112562864
1498.823529411765,3.32428202629046e-13,88.33088589996476
1498.823529411765,3.32428202629046e-13,31.15676232500982
1498.823529411765,3.32428202629046e-13,60.75950377594189
1498.823529411765,3.32428202629046e-13,78.60392864304345
1498.823529411765,3.32428202629046e-13,43.54248251630222
1498.823529411765,3.32428202629046e-13,45.96993367082177
1498.823529411765,3.32428202629046e-13,5.246273636551751
1498.823529411765,3.32428202629046e-13,57.184109912215796
1498.823529411765,3.32428202629046e-13,60.27934006167738
1498.823529411765,3.32428202629046e-13,52.44027817510595
1498.823529411765,3.32428202629046e-13,41.51223663377675
1498.823529411765,3.32428202629046e-13,18.860661942486434
1498.823529411765,3.32428202629046e-13,24.46594598071207
1498.823529411765,3.32428202629046e-13,24.80886558312083
1498.823529411765,3.32428202629046e-13,22.143465527991395
1498.823529411765,3.32428202629046e-13,8.346561373247997
1498.823529411765,3.32428202629046e-13,68.17978897830528
1498.823529411765,3.32428202629046e-13,37.838117246371446
1498.823529411765,3.32428202629046e-13,71.89403242523193
1498.823529411765,3.32428202629046e-13,18.65265393503705
1498.823529411765,3.32428202629046e-13,71.48447773675784
1498.823529411765,3.32428202629046e-13,60.54694517094463
1498.823529411765,3.32428202629046e-13,28.71030822634198
1498.823529411765,3.32428202629046e-13,33.40837090475871
1498.823529411765,3.32428202629046e-13,92.9882961900892
1498.823529411765,3.32428202629046e-13,11.91924525806991
1498.823529411765,3.32428202629046e-13,44.82264742772378
1498.823529411765,3.32428202629046e-13,42.705212497825116
1498.823529411765,3.32428202629046e-13,22.552631448700296
1498.823529411765,3.32428202629046e-13,107.90068703003428
1498.823529411765,3.32428202629046e-13,80.68948737453701
1498.823529411765,3.32428202629046e-13,55.34714848986128
1498.823529411765,3.32428202629046e-13,51.78480470475676
1498.823529411765,3.32428202629046e-13,26.543483474357874
1498.823529411765,3.32428202629046e-13,48.43379468530037
1498.823529411765,3.32428202629046e-13,6.119392950265878
1498.823529411765,3.32428202629046e-13,42.09077227144087
1498.823529411765,3.32428202629046e-13,13.174144084082922
1498.823529411765,3.32428202629046e-13,68.40134093499782
1498.823529411765,3.32428202629046e-13,50.01663126926925
1498.823529411765,3.32428202629046e-13,104.91849480389958
1498.823529411765,3.32428202629046e-13,50.29545913971184
1498.823529411765,3.32428202629046e-13,111.2502932896836
1498.823529411765,3.32428202629046e-13,74.84755702904764
1498.823529411765,3.32428202629046e-13,19.489771563578422
1498.823529411765,3.32428202629046e-13,50.77010914245262
1498.823529411765,3.32428202629046e-13,46.909460279182184
1498.823529411765,3.32428202629046e-13,95.51542133966231
1498.823529411765,3.32428202629046e-13,37.35184549413107
1498.823529411765,3.32428202629046e-13,27.68294814817003
1498.823529411765,3.32428202629046e-13,60.070525938468705
1498.823529411765,3.32428202629046e-13,34.72574686095237
1498.823529411765,3.32428202629046e-13,37.94215464133885
1498.823529411765,3.32428202629046e-13,62.47132341817574
1498.823529411765,3.32428202629046e-13,88.6294069858075
1498.823529411765,3.32428202629046e-13,12.147174350254565
1498.823529411765,3.32428202629046e-13,50.71642198776538
1498.823529411765,3.32428202629046e-13,36.42427339243978
1498.823529411765,3.32428202629046e-13,19.14376162120777
1498.823529411765,3.32428202629046e-13,93.98165811806085
1498.823529411765,3.32428202629046e-13,114.58760428316725
1498.823529411765,3.32428202629046e-13,93.78135928004153
1498.823529411765,3.32428202629046e-13,22.336151161407063
1498.823529411765,3.32428202629046e-13,52.90366001363353
1498.823529411765,3.32428202629046e-13,76.48392441000001
1498.823529411765,3.32428202629046e-13,26.581015908799213
1498.823529411765,3.32428202629046e-13,62.30678418951778
1498.823529411765,3.32428202629046e-13,95.97269019133255
1498.823529411765,3.32428202629046e-13,35.2462099238941
1498.823529411765,3.32428202629046e-13,40.04890747484308
1498.823529411765,3.32428202629046e-13,40.978205689088455
1498.823529411765,3.32428202629046e-13,24.762296821543192
1498.823529411765,3.32428202629046e-13,115.79102499595923
1498.823529411765,3.32428202629046e-13,23.659060179531092
1498.823529411765,3.32428202629046e-13,85.68430306123005
1498.823529411765,3.32428202629046e-13,25.302420082087004
1498.823529411765,3.32428202629046e-13,44.792873687594835
1498.823529411765,3.32428202629046e-13,70.1626535569628
1498.823529411765,3.32428202629046e-13,26.723552115639542
1498.823529411765,3.32428202629046e-13,52.85601793969638
1498.823529411765,3.32428202629046e-13,60.68109027147315
1498.823529411765,3.32428202629046e-13,22.240278711004628
1498.823529411765,3.32428202629046e-13,96.90520785873923
